1.093258e-02
-4.667824e-03
1.915856e-02
2.855978e-01
1.625202e+00
1.423892e+00
2.655694e-01
1.483007e-01
2.765452e-01
1.158929e-01
-1.061012e-02
-1.041364e-02
4.021881e-02
2.571123e-02
1.610541e-02
2.570255e-02
3.312758e-01
5.963309e-01
1.388092e-01
-1.149336e-01
-1.566548e-02
7.063664e-02
4.512688e-02
1.485929e-02
3.402848e-02
1.283898e-02
-4.838891e-03
1.898960e-02
2.837889e-01
1.592700e+00
1.381971e+00
4.818010e-02
-4.510272e-01
-1.725148e-01
1.163626e-01
1.442156e-01
3.314419e-02
-9.509257e-03
-8.227525e-03
2.563347e-02
4.342031e-02
3.351132e-01
5.852327e-01
1.335155e-01
-1.109822e-01
-1.238727e-02
7.238667e-02
4.343513e-02
1.075104e-02
3.137783e-02
1.469758e-02
-3.050085e-03
1.661208e-02
2.813398e-01
1.580048e+00
1.377258e+00
4.936227e-02
-4.502374e-01
-1.727736e-01
1.152219e-01
1.439802e-01
3.304581e-02
-9.983800e-03
-6.825492e-03
2.609570e-02
4.432904e-02
3.356328e-01
5.861586e-01
1.333544e-01
-1.139352e-01
-1.466043e-02
6.833012e-02
3.893984e-02
5.904604e-03
2.509677e-02
7.159934e-03
-9.307573e-03
1.291634e-02
3.001167e-01
1.613645e+00
1.342308e+00
1.055996e-02
-4.487297e-01
-1.590151e-01
1.177994e-01
1.388182e-01
2.891577e-02
-1.059715e-02
-9.056575e-03
2.533599e-02
4.316021e-02
3.342530e-01
5.910915e-01
1.350947e-01
-1.157147e-01
-1.678872e-02
6.732143e-02
3.830595e-02
5.925608e-03
2.433416e-02
6.784551e-03
-9.899846e-03
1.383482e-02
3.005001e-01
1.640823e+00
1.364268e+00
-4.916032e-02
-4.339494e-01
-1.206803e-01
1.767645e-01
2.040830e-01
1.419995e-01
1.231038e-01
8.729822e-02
5.317138e-02
-4.470987e-02
1.199130e-02
4.873171e-01
2.098038e-01
-1.415634e-01
-9.807310e-02
2.102586e-02
3.544394e-02
1.015203e-01
1.463382e-01
7.387575e-02
1.594185e-02
4.578381e-02
2.142276e-01
1.366197e+00
1.519487e+00
2.158249e-01
-5.144067e-01
-3.314649e-01
2.036780e-02
1.310259e-01
5.980340e-02
2.241419e-02
2.864146e-02
6.741946e-02
9.571719e-02
3.715150e-01
6.102913e-01
1.499908e-01
-1.072361e-01
-1.979006e-02
6.341659e-02
4.227145e-02
1.619996e-02
4.511991e-02
3.993331e-02
2.852524e-02
4.135207e-02
2.720785e-01
1.585668e+00
1.430090e+00
7.669659e-02
-4.619090e-01
-1.860929e-01
1.236719e-01
1.505471e-01
2.303596e-02
-3.203495e-02
-2.648883e-02
2.008361e-02
4.053329e-02
3.320576e-01
5.805310e-01
1.269364e-01
-1.131154e-01
-1.297783e-02
7.075781e-02
4.523163e-02
1.428348e-02
2.730539e-02
5.064491e-03
-1.381089e-02
4.159324e-03
2.714473e-01
1.606192e+00
1.383813e+00
7.980756e-02
-6.709181e-02
6.371764e-01
8.379464e-01
4.925305e-01
7.556189e-03
-1.068675e-01
4.493024e-03
1.004300e-01
9.150508e-02
3.602124e-01
6.159891e-01
1.862132e-01
-7.194104e-02
4.773785e-03
7.180348e-02
4.060886e-02
1.073866e-02
2.676607e-02
1.765735e-03
-1.800112e-02
-1.150530e-03
2.600952e-01
1.600147e+00
1.616637e+00
1.650003e+00
1.778507e+00
1.240338e+00
4.883035e-01
9.225737e-02
3.634221e-02
7.951877e-02
5.213137e-02
3.087379e-02
2.455406e-02
3.565607e-01
6.366563e-01
1.336785e-01
-1.505585e-01
-5.696687e-02
3.578192e-02
1.585059e-02
-1.574699e-02
-1.306319e-03
-1.663596e-02
-1.612033e-02
2.166613e-02
3.027354e-01
1.849842e+00
1.764988e+00
2.441122e-01
-5.097822e-01
-2.436429e-01
1.404040e-01
2.004923e-01
5.437314e-02
-1.632096e-02
-9.891685e-03
3.953350e-02
5.293712e-02
3.506943e-01
6.048264e-01
9.451697e-02
-1.325133e-01
-5.879169e-03
8.313427e-02
4.915909e-02
1.464240e-02
3.521835e-02
2.408112e-02
9.103539e-03
2.832994e-02
3.011814e-01
1.839698e+00
2.080915e+00
1.404555e+00
3.273751e-01
-4.295503e-01
-2.601751e-01
1.157322e-01
1.540546e-01
1.939145e-02
-6.615479e-02
-1.174726e-02
5.317045e-02
3.719939e-01
6.231900e-01
1.008594e-01
-1.287823e-01
3.163093e-03
8.957905e-02
4.868177e-02
4.261581e-03
1.558635e-02
9.495225e-04
-5.460003e-03
1.472234e-02
2.937442e-01
1.811610e+00
1.738657e+00
2.160679e-01
-5.348009e-01
-2.684934e-01
1.162682e-01
1.850230e-01
4.813217e-02
-1.643692e-02
-8.132508e-03
4.921828e-02
7.330784e-02
3.665065e-01
6.169497e-01
1.126502e-01
-1.134536e-01
5.781015e-03
8.386882e-02
4.031941e-02
1.120324e-03
1.614116e-02
-2.819168e-03
-1.698666e-02
2.973589e-03
2.947655e-01
1.802160e+00
1.721586e+00
2.068701e-01
-5.346227e-01
-2.681172e-01
1.118899e-01
1.777665e-01
3.951427e-02
-2.411988e-02
-1.698863e-02
3.466837e-02
5.465790e-02
3.497337e-01
5.955730e-01
9.457712e-02
-1.260545e-01
-6.857493e-03
7.320696e-02
3.429628e-02
-2.522932e-03
1.662025e-02
5.143505e-03
-5.988669e-03
1.661649e-02
3.066130e-01
1.792701e+00
1.737944e+00
2.346984e-01
-5.140144e-01
-2.548440e-01
1.269719e-01
1.922709e-01
5.074885e-02
-1.857417e-02
-1.375842e-02
3.575573e-02
5.472028e-02
3.431723e-01
5.852414e-01
9.020057e-02
-1.284553e-01
-7.761012e-03
7.151737e-02
3.536499e-02
2.918544e-03
2.179084e-02
1.062653e-02
1.383159e-04
2.108242e-02
3.035834e-01
1.771823e+00
1.724010e+00
2.322156e-01
-5.194433e-01
-2.696204e-01
1.066846e-01
1.720475e-01
3.280206e-02
-3.702315e-02
-3.195291e-02
2.183503e-02
4.494429e-02
3.346470e-01
5.768452e-01
9.009610e-02
-1.210410e-01
5.311448e-04
7.914808e-02
4.299120e-02
7.296165e-03
2.843813e-02
1.384344e-02
2.309283e-03
2.129812e-02
3.057570e-01
1.762924e+00
1.724692e+00
2.291660e-01
-5.188200e-01
-2.621463e-01
1.175827e-01
1.832801e-01
4.474999e-02
-2.316770e-02
-1.572072e-02
3.697734e-02
5.807926e-02
3.452951e-01
5.791416e-01
9.430449e-02
-1.145031e-01
4.696288e-03
7.994033e-02
4.030519e-02
5.857457e-03
2.538984e-02
9.859174e-03
-4.067585e-03
1.550767e-02
2.706023e-01
1.658427e+00
1.826364e+00
1.322672e+00
9.990661e-01
7.267831e-02
-3.439759e-01
-7.881080e-02
1.490527e-01
1.198680e-01
-1.164013e-02
-2.752899e-02
2.859563e-02
3.585801e-01
5.830952e-01
7.802814e-02
-1.377588e-01
-6.384923e-03
7.814471e-02
4.150279e-02
5.901112e-03
2.272419e-02
5.345582e-03
-1.927169e-03
2.672525e-02
3.009413e-01
1.667575e+00
2.000616e+00
1.445183e+00
4.483237e-01
-3.773451e-01
-2.666982e-01
1.207169e-01
1.878289e-01
5.252328e-02
-4.666210e-02
-7.182767e-03
5.633414e-02
3.666203e-01
5.823060e-01
7.700359e-02
-1.302965e-01
1.602505e-03
7.803617e-02
3.268991e-02
-4.778774e-03
1.407962e-02
7.990025e-04
-8.557472e-03
1.589102e-02
2.948419e-01
1.669209e+00
1.635464e+00
2.087649e-01
-4.983035e-01
-2.468594e-01
1.120535e-01
1.734641e-01
4.350519e-02
-1.842477e-02
-1.310228e-02
3.521238e-02
5.615609e-02
3.399910e-01
5.706617e-01
8.976033e-02
-1.182497e-01
1.038610e-03
7.355701e-02
3.407819e-02
-2.377241e-04
2.021892e-02
5.395162e-03
-7.151754e-03
1.614828e-02
3.021137e-01
1.689523e+00
1.664170e+00
2.183223e-01
-5.018462e-01
-2.481515e-01
1.172082e-01
1.771531e-01
4.167390e-02
-2.198862e-02
-1.595552e-02
3.215989e-02
5.046439e-02
3.317711e-01
5.660023e-01
8.675628e-02
-1.209425e-01
-3.706493e-03
7.037254e-02
3.368899e-02
-7.499303e-04
1.825563e-02
4.955254e-03
-6.900028e-03
1.367060e-02
3.036587e-01
1.691327e+00
1.672731e+00
2.188921e-01
-5.096434e-01
-2.532722e-01
1.147286e-01
1.771098e-01
4.236178e-02
-2.188188e-02
-1.561945e-02
3.617653e-02
5.519075e-02
3.413122e-01
5.676737e-01
8.858201e-02
-1.161047e-01
4.023024e-03
7.668262e-02
3.687324e-02
2.352940e-03
2.214119e-02
7.519315e-03
-4.379097e-03
1.637222e-02
2.985855e-01
1.682431e+00
1.689457e+00
2.404646e-01
-5.080851e-01
-2.628545e-01
1.119704e-01
1.797506e-01
4.314364e-02
-2.558795e-02
-1.934034e-02
3.093448e-02
5.367642e-02
3.370710e-01
5.634502e-01
8.477080e-02
-1.194437e-01
1.387062e-03
7.505424e-02
3.496527e-02
2.562720e-03
2.291949e-02
7.739366e-03
-5.160936e-03
1.705779e-02
3.005958e-01
1.678681e+00
1.662747e+00
2.306964e-01
-5.012472e-01
-2.571127e-01
1.095241e-01
1.760773e-01
4.204541e-02
-2.321122e-02
-1.792159e-02
3.270981e-02
5.374403e-02
3.413662e-01
5.685587e-01
8.903442e-02
-1.155439e-01
5.191439e-03
7.825720e-02
3.800839e-02
3.611166e-03
2.321123e-02
7.926301e-03
-6.537883e-03
1.406810e-02
3.023051e-01
1.673264e+00
1.611965e+00
5.310237e-01
1.057373e+00
2.011158e+00
1.590240e+00
6.333701e-01
9.707903e-02
1.818373e-02
4.530716e-02
5.719991e-02
4.023724e-02
3.382676e-01
6.073878e-01
1.154737e-01
-1.175259e-01
-2.765175e-03
7.854027e-02
4.432936e-02
1.452960e-02
3.321636e-02
1.236154e-02
-6.424826e-03
1.817010e-02
2.895999e-01
1.498533e+00
1.574116e+00
1.591842e+00
1.242783e+00
8.075833e-01
9.691113e-01
7.868545e-01
3.099236e-01
2.953675e-02
-3.108895e-02
2.541315e-02
5.970642e-02
3.682828e-01
6.260326e-01
9.458874e-02
-1.367460e-01
-5.536514e-03
7.707720e-02
4.102158e-02
4.913377e-03
1.909574e-02
3.786576e-03
-5.736159e-03
1.949128e-02
2.983468e-01
1.622090e+00
1.359722e+00
1.790336e-02
-4.527090e-01
-1.627685e-01
1.197200e-01
1.412349e-01
2.524664e-02
-1.836847e-02
-1.010068e-02
3.044284e-02
4.619947e-02
3.433069e-01
6.118223e-01
1.051046e-01
-1.284295e-01
-7.055687e-03
7.629278e-02
4.116651e-02
7.699138e-03
2.688703e-02
9.189665e-03
-4.476480e-03
2.075800e-02
3.028476e-01
1.633544e+00
1.365368e+00
1.852638e-02
-4.545119e-01
-1.637418e-01
1.201556e-01
1.419611e-01
2.526738e-02
-1.620231e-02
-8.863584e-03
3.014416e-02
4.430521e-02
3.395953e-01
6.103266e-01
1.030209e-01
-1.329544e-01
-1.156849e-02
7.455612e-02
3.893471e-02
2.678342e-03
2.063519e-02
6.002711e-03
-5.578392e-03
1.662801e-02
3.047369e-01
1.642069e+00
1.361430e+00
9.302194e-03
-4.578057e-01
-1.643757e-01
1.199705e-01
1.400429e-01
2.331600e-02
-1.691916e-02
-1.009620e-02
3.050697e-02
4.643996e-02
3.410463e-01
6.147360e-01
1.090040e-01
-1.292223e-01
-9.658791e-03
7.602446e-02
4.235323e-02
5.952213e-03
2.193195e-02
7.946908e-03
-3.965788e-03
1.763702e-02
3.078911e-01
1.642367e+00
1.360606e+00
7.681624e-03
-4.576677e-01
-1.608032e-01
1.205109e-01
1.413443e-01
2.524814e-02
-1.554426e-02
-8.909479e-03
3.150320e-02
4.548718e-02
3.418325e-01
6.123104e-01
1.059390e-01
-1.303262e-01
-1.092696e-02
7.510875e-02
4.031429e-02
4.198829e-03
2.131043e-02
5.969789e-03
-6.163356e-03
1.762358e-02
3.019356e-01
1.636985e+00
1.367082e+00
1.696349e-02
-4.548992e-01
-1.629134e-01
1.223503e-01
1.457367e-01
2.792784e-02
-1.444400e-02
-8.569852e-03
3.133727e-02
4.745657e-02
3.442326e-01
6.173050e-01
1.075699e-01
-1.309292e-01
-9.305469e-03
7.615976e-02
4.088905e-02
6.381256e-03
2.196796e-02
8.356793e-03
-4.213825e-03
1.764874e-02
3.038151e-01
1.642969e+00
1.368812e+00
1.380341e-02
-4.572814e-01
-1.623239e-01
1.224772e-01
1.440002e-01
2.668185e-02
-1.617927e-02
-9.268070e-03
3.227134e-02
4.635586e-02
3.432082e-01
6.146502e-01
1.052303e-01
-1.328924e-01
-1.115722e-02
7.363988e-02
4.020445e-02
4.084391e-03
2.042627e-02
5.188411e-03
-6.402834e-03
1.732768e-02
3.052835e-01
1.645922e+00
1.366505e+00
9.381931e-03
-4.571361e-01
-1.596454e-01
1.242790e-01
1.458071e-01
2.949059e-02
-1.307929e-02
-6.185746e-03
3.409578e-02
4.868996e-02
3.467538e-01
6.148496e-01
1.069577e-01
-1.292710e-01
-7.481899e-03
7.946513e-02
4.588957e-02
1.080102e-02
2.866647e-02


